{
 "cells": [
  {
   "cell_type": "code",
   "execution_count": 1,
   "metadata": {},
   "outputs": [],
   "source": [
    "import sys, os\n",
    "import numpy as np\n",
    "import scipy as sp\n",
    "import matplotlib.pyplot as plt\n",
    "import matplotlib.cm as cm\n",
    "from typing import List, Tuple, Callable, Any, Dict\n",
    "\n",
    "from methods.PolyCG.polycg.transforms.transform_marginals import send_to_back_permutation\n",
    "from methods.midstep_composites import midstep_composition_transformation, midstep_groundstate, midstep_groundstate_se3\n",
    "from methods.midstep_composites import midstep_composition_transformation_correction, midstep_composition_transformation_correction_old\n",
    "from methods.read_nuc_data import read_nucleosome_triads, GenStiffness\n",
    "from methods.free_energy import calculate_midstep_triads, midstep_excess_vals\n",
    "from methods.PolyCG.polycg.SO3 import so3\n",
    "\n",
    "from methods.nearest_correlation import nearcorr\n",
    "\n",
    "# from methods.PolyCG.polycg.SO3 import so3\n",
    "# from methods.PolyCG.polycg.transforms.transform_SO3 import euler2rotmat_so3\n",
    "# from methods.PolyCG.polycg.cgnaplus import cgnaplus_bps_params\n",
    "# from methods.PolyCG.polycg.transforms.transform_algebra2group import algebra2group_lintrans, group2algebra_lintrans\n",
    "\n",
    "np.set_printoptions(linewidth=250,precision=5,suppress=True)"
   ]
  },
  {
   "cell_type": "markdown",
   "metadata": {},
   "source": [
    "-----\n",
    "-----\n",
    "# Methods\n",
    "-----\n",
    "-----"
   ]
  },
  {
   "cell_type": "markdown",
   "metadata": {},
   "source": [
    "### Matrix Methods"
   ]
  },
  {
   "cell_type": "code",
   "execution_count": 2,
   "metadata": {},
   "outputs": [],
   "source": [
    "def plot_matrix(mat,dims=6,cmap='gray_r'):\n",
    "    mat = np.copy(mat)\n",
    "    fig = plt.figure(figsize=(17./2.54*1.3,17.2/2.54))\n",
    "    ax1 = fig.add_subplot(111)\n",
    "    \n",
    "    img = ax1.imshow(mat, interpolation='none', cmap=cmap)\n",
    "    # plot blocks\n",
    "    for l in range(1,len(mat)//dims+1):\n",
    "        ax1.plot([l*dims-0.6,l*dims-0.6],[0-0.5,len(mat)-0.5],color='black',lw=0.5)\n",
    "        ax1.plot([0-0.5,len(mat)-0.5],[l*dims-0.4,l*dims-0.4],color='black',lw=0.5)\n",
    "\n",
    "        ax1.plot([l*dims-0.6,l*dims-0.6],[(l-1)*dims-0.5,l*dims-0.5],color='red',lw=0.5)\n",
    "        ax1.plot([(l-1)*dims-0.6,(l-1)*dims-0.6],[(l-1)*dims-0.5,l*dims-0.5],color='red',lw=0.5)\n",
    "        ax1.plot([(l-1)*dims-0.5,l*dims-0.5],[l*dims-0.4,l*dims-0.4],color='red',lw=0.5)\n",
    "        ax1.plot([(l-1)*dims-0.5,l*dims-0.5],[(l-1)*dims-0.4,(l-1)*dims-0.4],color='red',lw=0.5)\n",
    "        \n",
    "    ax1.set_xlim((-0.5,len(mat)-.5))\n",
    "    ax1.set_ylim((-0.5,len(mat)-.5))\n",
    "    # ax1.set_xlim((-0.5,12-.5))\n",
    "    # ax1.set_ylim((-0.5,12-.5))\n",
    "    fig.colorbar(img, ax=ax1)\n",
    "    plt.show()\n",
    "    \n",
    "def regularize_matrix(A, epsilon=1e-6):\n",
    "    # (Optional) ensure A is symmetric to avoid floating-point asymmetries\n",
    "    A_sym = 0.5 * (A + A.T)\n",
    "    # Eigen-decomposition for symmetric (real) matrices\n",
    "    eigenvals, Q = np.linalg.eigh(A_sym)\n",
    "    # Lift eigenvalues below epsilon to epsilon\n",
    "    eigenvals_clipped = np.clip(eigenvals, epsilon, None)\n",
    "    # Reconstruct the matrix\n",
    "    A_reg = Q @ np.diag(eigenvals_clipped) @ Q.T\n",
    "    # A_reg is guaranteed to be real and symmetric\n",
    "    A_reg = A_reg.astype(np.float64)\n",
    "    return A_reg\n",
    "\n",
    "def block_sum(M,dims):\n",
    "    if len(M)%dims != 0:\n",
    "        raise ValueError('Matrix dimension not a multiple of dims.')\n",
    "    N = len(M)//dims\n",
    "    bM = np.zeros((N,N))\n",
    "    for i in range(N):\n",
    "        for j in range(N):\n",
    "            bM[i,j] = np.max(M[i*dims:(i+1)*dims,j*dims:(j+1)*dims])\n",
    "    return bM\n",
    "\n",
    "def is_positive_definite(matrix):\n",
    "    if not np.allclose(matrix, matrix.T):\n",
    "        print('Not allclose')\n",
    "        return False\n",
    "    eigenvalues = np.linalg.eigvals(matrix)\n",
    "    return np.all(eigenvalues > 0)\n",
    "\n",
    "def is_regular(A):\n",
    "    if A.shape[0] != A.shape[1]:\n",
    "        return False\n",
    "    return np.linalg.matrix_rank(A) == A.shape[0]\n",
    "\n",
    "def marginalize_diagonal_blocks(K: np.ndarray,dim: int=6):\n",
    "    cov = np.linalg.inv(K)\n",
    "    dcov = np.zeros(cov.shape)\n",
    "    for i in range(len(K)//dim):\n",
    "        dcov[i*dim:(i+1)*dim,i*dim:(i+1)*dim] = cov[i*dim:(i+1)*dim,i*dim:(i+1)*dim]\n",
    "    dK = np.linalg.inv(dcov)\n",
    "    return dK\n"
   ]
  },
  {
   "cell_type": "markdown",
   "metadata": {},
   "source": [
    "### Selection Methods"
   ]
  },
  {
   "cell_type": "code",
   "execution_count": 3,
   "metadata": {},
   "outputs": [],
   "source": [
    "def get_midstep_locations(left_open: int, right_open: int, base_locations = None, sort = True):\n",
    "    if base_locations is None:\n",
    "        MIDSTEP_LOCATIONS = [\n",
    "            2, 6, 14, 17, 24, 29, \n",
    "            34, 38, 45, 49, 55, 59, \n",
    "            65, 69, 76, 80, 86, 90, \n",
    "            96, 100, 107, 111, 116, 121, \n",
    "            128, 131, 139, 143\n",
    "        ]\n",
    "    else:\n",
    "        MIDSTEP_LOCATIONS = base_locations\n",
    "    if left_open + right_open > len(MIDSTEP_LOCATIONS):\n",
    "        return []\n",
    "    \n",
    "    locs = MIDSTEP_LOCATIONS[left_open:len(MIDSTEP_LOCATIONS)-right_open]\n",
    "    if sort:\n",
    "        locs = sorted(list(set(locs)))\n",
    "    return locs\n",
    "\n",
    "def submatrix(M, dim: int = 6, left_open: int = 0, right_open: int = 0, marginalize=False):\n",
    "    n = len(M)//dim\n",
    "    if marginalize:\n",
    "        return np.linalg.inv(np.linalg.inv(M)[left_open*dim:(n-right_open)*dim,left_open*dim:(n-right_open)*dim])\n",
    "    return M[left_open*dim:(n-right_open)*dim,left_open*dim:(n-right_open)*dim]"
   ]
  },
  {
   "cell_type": "markdown",
   "metadata": {},
   "source": [
    "### Binding Model Methods"
   ]
  },
  {
   "cell_type": "code",
   "execution_count": 4,
   "metadata": {},
   "outputs": [],
   "source": [
    "def Hinverse(Psi):\n",
    "    psih = so3.hat_map(Psi)\n",
    "    psihsq = psih @ psih\n",
    "    Hinv = np.eye(3)\n",
    "    Hinv += 0.5* psih\n",
    "    Hinv += 1./12 * psihsq\n",
    "    Hinv -= 1./720 * psihsq @ psihsq\n",
    "    Hinv += 1./30240 * psihsq @ psihsq @ psihsq\n",
    "    return Hinv\n",
    "    \n",
    "def coordinate_transformation(muk0s,sks):\n",
    "    B = np.zeros((len(sks)*6,len(muk0s)*6))\n",
    "    Pbar = np.zeros(len(sks)*6)\n",
    "    for k in range(len(sks)):\n",
    "        sig0 = np.linalg.inv(muk0s[k]) @ muk0s[k+1]\n",
    "        Sig  = sig0[:3,:3]\n",
    "        sig  = sig0[:3,3]\n",
    "        Sk   = sks[k,:3,:3]\n",
    "        sk   = sks[k,:3,3]\n",
    "        \n",
    "        Psi  = so3.rotmat2euler(Sk.T @ Sig)\n",
    "        Hi   = Hinverse(Psi)\n",
    "        Bkm = np.zeros((6,6))\n",
    "        Bkp = np.zeros((6,6))\n",
    "        Bkm[:3,:3] = -Hi @ Sig.T\n",
    "        Bkm[3:,:3] = Sk.T @ so3.hat_map(sig)\n",
    "        Bkm[3:,3:] = -Sk.T\n",
    "        Bkp[:3,:3] = Hi\n",
    "        Bkp[3:,3:] = Sk.T @ Sig\n",
    "        \n",
    "        B[6*k:6*(k+1),6*k:6*(k+1)]      = Bkm\n",
    "        B[6*k:6*(k+1),6*(k+1):6*(k+2)]  = Bkp\n",
    "        \n",
    "        Pbar[k*6:k*6+3]   = Psi\n",
    "        Pbar[k*6+3:k*6+6] = Sk.T @ (sig-sk)\n",
    "    return B, Pbar\n",
    "\n",
    "def coordinate_transformation_correction(muk0s,sks,Z_delta_ref):\n",
    "    \n",
    "    if len(Z_delta_ref.shape) < 2:\n",
    "        Z_delta_ref = Z_delta_ref.reshape((len(Z_delta_ref)//6,6))\n",
    "    \n",
    "    B = np.zeros((len(sks)*6,len(muk0s)*6))\n",
    "    Pbar = np.zeros(len(sks)*6)\n",
    "    for k in range(len(sks)):\n",
    "        sig0 = np.linalg.inv(muk0s[k]) @ muk0s[k+1]\n",
    "        SIG  = sig0[:3,:3]\n",
    "        sig  = sig0[:3,3]\n",
    "        Sk   = sks[k,:3,:3]\n",
    "        sk   = sks[k,:3,3]\n",
    "        \n",
    "        Psi  = so3.rotmat2euler(Sk.T @ SIG)\n",
    "        Hi   = Hinverse(Psi)\n",
    "        \n",
    "        Z0k = so3.euler2rotmat(Z_delta_ref[k,:3])\n",
    "        htheta0 = so3.hat_map(Z_delta_ref[k,:3])\n",
    "        \n",
    "        Bkm = np.zeros((6,6))\n",
    "        Bkp = np.zeros((6,6))\n",
    "        \n",
    "        Bkm[:3,:3] = -Hi @ SIG.T\n",
    "        Bkm[3:,:3] = Sk.T @ so3.hat_map(sig)\n",
    "        Bkm[3:,3:] = -Sk.T @ Z0k.T\n",
    "        \n",
    "        Bkp[:3,:3] = Hi\n",
    "        Bkp[3:,3:] = Sk.T @ Z0k.T @ SIG\n",
    "        \n",
    "        B[6*k:6*(k+1),6*k:6*(k+1)]      = Bkm\n",
    "        B[6*k:6*(k+1),6*(k+1):6*(k+2)]  = Bkp\n",
    "        \n",
    "        Pbar[k*6:k*6+3]   = Psi\n",
    "        Pbar[k*6+3:k*6+6] = Sk.T @ ( (Z0k.T + htheta0) @ sig-sk)\n",
    "    return B, Pbar\n",
    "\n"
   ]
  },
  {
   "cell_type": "markdown",
   "metadata": {},
   "source": [
    "### Free Energy"
   ]
  },
  {
   "cell_type": "code",
   "execution_count": null,
   "metadata": {},
   "outputs": [],
   "source": [
    "\n",
    "def binding_model_free_energy(\n",
    "    free_gs: np.ndarray,\n",
    "    free_M: np.ndarray,    \n",
    "    nuc_mu0: np.ndarray,\n",
    "    nuc_K: np.ndarray,\n",
    "    left_open: int,\n",
    "    right_open: int,\n",
    "    NUCLEOSOME_TRIADS: np.ndarray,\n",
    "    use_correction: bool = True,\n",
    ") -> np.ndarray:\n",
    "\n",
    "    midstep_constraint_locations = get_midstep_locations(left_open, right_open)\n",
    "    if len(midstep_constraint_locations) <= 1:\n",
    "        n = len(free_M)\n",
    "        F_pi = -0.5*n * np.log(2*np.pi)\n",
    "        # matrix term\n",
    "        logdet_sign, logdet = np.linalg.slogdet(free_M)\n",
    "        F_mat = 0.5*logdet\n",
    "        F = F_mat + F_pi  \n",
    "        Fdict = {\n",
    "            'F': F,\n",
    "            'F_entropy' : F,\n",
    "            'F_enthalpy': 0,\n",
    "            'F_jacob'   : 0,\n",
    "            'F_free'    : F\n",
    "        }\n",
    "        return Fdict\n",
    "    \n",
    "    # FOR NOW WE USE THE FIXED MIDSTEP TRIADS AS MU_0\n",
    "    # Find midstep triads in fixed framework for comparison\n",
    "    FIXED_midstep_triads = calculate_midstep_triads(\n",
    "        midstep_constraint_locations,\n",
    "        NUCLEOSOME_TRIADS\n",
    "    )\n",
    "    nuc_mu0 = FIXED_midstep_triads\n",
    "    \n",
    "    sks = midstep_groundstate_se3(free_gs,midstep_constraint_locations)\n",
    "    \n",
    "    # find composite transformation\n",
    "    transform, replaced_ids = midstep_composition_transformation(\n",
    "        free_gs,\n",
    "        midstep_constraint_locations\n",
    "    )\n",
    "    \n",
    "    # transform stiffness matrix\n",
    "    inv_transform = np.linalg.inv(transform)\n",
    "    M_transformed = inv_transform.T @ free_M @ inv_transform\n",
    "    \n",
    "    # rearrange stiffness matrix\n",
    "    full_replaced_ids = list()\n",
    "    for i in range(len(replaced_ids)):\n",
    "        full_replaced_ids += [6*replaced_ids[i]+j for j in range(6)]\n",
    "     \n",
    "    P = send_to_back_permutation(len(free_M),full_replaced_ids)\n",
    "    M_rearranged = P @ M_transformed @ P.T\n",
    "    \n",
    "    # select M and R submatrices\n",
    "    N  = len(M_rearranged)\n",
    "    NC = len(full_replaced_ids)\n",
    "    NF = N-NC\n",
    "    \n",
    "    M_R = M_rearranged[:NF,:NF]\n",
    "    M_M = M_rearranged[NF:,NF:]\n",
    "    M_RM = M_rearranged[:NF,NF:]\n",
    "    \n",
    "    # Calculate M block marginal\n",
    "    M_Mp = M_M - M_RM.T @ np.linalg.inv(M_R) @ M_RM\n",
    "    M_Mp = 0.5*(M_Mp+M_Mp.T)\n",
    "    \n",
    "\n",
    "    ##############################################\n",
    "    # Binding Model\n",
    "    ##############################################\n",
    "    \n",
    "    nuc_K *= 1\n",
    "    \n",
    "    # Calculate Incidence Matrix\n",
    "    B, Pbar = coordinate_transformation(nuc_mu0,sks)  \n",
    "    Kcomb = nuc_K + B.T @ M_Mp @ B\n",
    "    # calculate ground state\n",
    "    alpha = -np.linalg.inv(Kcomb) @ B.T @ M_Mp @ Pbar\n",
    "    \n",
    "    B, Pbar = coordinate_transformation_correction(nuc_mu0,sks,alpha)\n",
    "    Kcomb = nuc_K + B.T @ M_Mp @ B\n",
    "    # calculate ground state\n",
    "    alpha = -np.linalg.inv(Kcomb) @ B.T @ M_Mp @ Pbar\n",
    "    \n",
    "    \n",
    "    Y_C = Pbar + B @ alpha\n",
    "    C = 0.5* Pbar.T @ ( M_Mp - M_Mp @ B @ np.linalg.inv(Kcomb) @ B.T @ M_Mp ) @ Pbar\n",
    "    # print(f'C = {C}')\n",
    "    \n",
    "    gamma = -np.linalg.inv(M_R) @ M_RM @ Y_C\n",
    "    \n",
    "    if use_correction:\n",
    "    \n",
    "        gs_transf_perm = np.concatenate((gamma,Y_C))\n",
    "        gs_transf = P.T @ gs_transf_perm\n",
    "        gs = inv_transform @ gs_transf\n",
    "\n",
    "        gs = gs.reshape((len(gs)//6,6))\n",
    "        # find composite transformation\n",
    "        transform, replaced_ids = midstep_composition_transformation_correction_old(\n",
    "            free_gs,\n",
    "            midstep_constraint_locations,\n",
    "            -gs\n",
    "        )\n",
    "        \n",
    "        # transform stiffness matrix\n",
    "        inv_transform = np.linalg.inv(transform)\n",
    "        M_transformed = inv_transform.T @ free_M @ inv_transform\n",
    "        \n",
    "        # rearrange stiffness matrix\n",
    "        full_replaced_ids = list()\n",
    "        for i in range(len(replaced_ids)):\n",
    "            full_replaced_ids += [6*replaced_ids[i]+j for j in range(6)]\n",
    "        \n",
    "        P = send_to_back_permutation(len(free_M),full_replaced_ids)\n",
    "        M_rearranged = P @ M_transformed @ P.T\n",
    "        \n",
    "        # select M and R submatrices\n",
    "        N  = len(M_rearranged)\n",
    "        NC = len(full_replaced_ids)\n",
    "        NF = N-NC\n",
    "        \n",
    "        M_R = M_rearranged[:NF,:NF]\n",
    "        M_M = M_rearranged[NF:,NF:]\n",
    "        M_RM = M_rearranged[:NF,NF:]\n",
    "        \n",
    "        # Calculate M block marginal\n",
    "        M_Mp = M_M - M_RM.T @ np.linalg.inv(M_R) @ M_RM\n",
    "        M_Mp = 0.5*(M_Mp+M_Mp.T)\n",
    "        \n",
    "        ##############################################\n",
    "        # Binding Model\n",
    "        ##############################################\n",
    "        \n",
    "        # Calculate Incidence Matrix\n",
    "        B, Pbar = coordinate_transformation(nuc_mu0,sks)  \n",
    "        Kcomb = nuc_K + B.T @ M_Mp @ B\n",
    "        # calculate ground state\n",
    "        alpha = -np.linalg.inv(Kcomb) @ B.T @ M_Mp @ Pbar\n",
    "        \n",
    "        B, Pbar = coordinate_transformation_correction(nuc_mu0,sks,alpha)\n",
    "        Kcomb = nuc_K + B.T @ M_Mp @ B \n",
    "        \n",
    "        \n",
    "        \n",
    "        # Kbare = nuc_K - B.T @ M_Mp @ B \n",
    "        # eigenvals, Q = np.linalg.eigh(Kbare)\n",
    "        # print(eigenvals)\n",
    "        \n",
    "        # free_M = np.load('MDParams/free_midstep_Mm.npy')\n",
    "        # Kbare = nuc_K - B.T @ free_M @ B \n",
    "        # eigenvals, Q = np.linalg.eigh(Kbare)\n",
    "        # print(eigenvals)\n",
    "        # sys.exit()\n",
    "        \n",
    "        # print(is_positive_definite(Kcomb))\n",
    "        \n",
    "        # calculate ground state\n",
    "        alpha = -np.linalg.inv(Kcomb) @ B.T @ M_Mp @ Pbar\n",
    "        \n",
    "        Y_C = Pbar + B @ alpha\n",
    "        gamma = -np.linalg.inv(M_R) @ M_RM @ Y_C\n",
    "        \n",
    "        C = 0.5* Pbar.T @ ( M_Mp - M_Mp @ B @ np.linalg.inv(Kcomb) @ B.T @ M_Mp ) @ Pbar\n",
    "        # print(f'C = {C}')\n",
    "        \n",
    "    gs_transf_perm = np.concatenate((gamma,Y_C))\n",
    "    gs_transf = P.T @ gs_transf_perm\n",
    "    gs = inv_transform @ gs_transf\n",
    "        \n",
    "    F_enthalpy = C\n",
    "    \n",
    "    # Z entropy term\n",
    "    n = len(Kcomb)\n",
    "    logdet_sign, logdet_K = np.linalg.slogdet(Kcomb)\n",
    "    F_piK = -0.5*n * np.log(2*np.pi)\n",
    "    Z_entropy = 0.5*logdet_K + F_piK\n",
    "    \n",
    "\n",
    "    # Z entropy term\n",
    "    n = len(M_R)\n",
    "    logdet_sign, logdet_R = np.linalg.slogdet(M_R)\n",
    "    F_piR = -0.5*n * np.log(2*np.pi)\n",
    "    R_entropy = 0.5*logdet_R + F_piR\n",
    "    \n",
    "    # print(f'shape M_R = {M_R.shape}')\n",
    "    \n",
    "    \n",
    "    F_jacob = np.log(np.linalg.det(transform))\n",
    "    \n",
    "    \n",
    "    F_entropy = Z_entropy + R_entropy + F_jacob\n",
    "    \n",
    "    # free energy of unconstrained DNA\n",
    "    ff_logdet_sign, ff_logdet = np.linalg.slogdet(free_M)\n",
    "    ff_pi = -0.5*len(free_M) * np.log(2*np.pi)\n",
    "    F_free = 0.5*ff_logdet + ff_pi\n",
    "\n",
    "\n",
    "    # _, logdet1 = np.linalg.slogdet(M_R)\n",
    "    # _, logdet2 = np.linalg.slogdet(M_Mp)\n",
    "    \n",
    "    # Mcomb = np.linalg.inv(B @ np.linalg.inv(Kcomb) @ B.T)\n",
    "    # logdet_sign, logdet_K = np.linalg.slogdet(Mcomb)\n",
    "    # F_piK = -0.5*len(Mcomb) * np.log(2*np.pi)\n",
    "    # Mcomb_entropy = 0.5*logdet_K + F_piK\n",
    "    \n",
    "    # print(0.5*logdet1+0.5*logdet2+F_jacob -0.5*len(free_M) * np.log(2*np.pi) )\n",
    "    # print(f'{Z_entropy=}')\n",
    "    # print(f'{Mcomb_entropy=}')\n",
    "    # print(f'{R_entropy=}')\n",
    "    # print(f'{F_free=}')\n",
    "    \n",
    "    # prepare output\n",
    "    Fdict = {\n",
    "        'F': F_entropy + F_enthalpy - F_free,\n",
    "        'F_entropy' : F_entropy - F_free,\n",
    "        'F_enthalpy': F_enthalpy,\n",
    "        'F_jacob'   : F_jacob,\n",
    "        'F_free'    : F_free,\n",
    "        'gs'        : gs\n",
    "    }\n",
    "    return Fdict"
   ]
  },
  {
   "cell_type": "markdown",
   "metadata": {},
   "source": [
    "### Calculate K"
   ]
  },
  {
   "cell_type": "code",
   "execution_count": 261,
   "metadata": {},
   "outputs": [
    {
     "name": "stdout",
     "output_type": "stream",
     "text": [
      "False\n",
      "False\n",
      "################################################################\n",
      "################################################################\n",
      "i=0\n",
      "[[ 302.06379 -182.3987  -152.37141 -574.26367 -159.57529  251.70659]\n",
      " [-182.3987   123.02837  163.91727  552.9589   154.90523 -312.02999]\n",
      " [-152.37141  163.91727  389.75658  509.85747  -47.49647 -185.57023]\n",
      " [-574.26367  552.9589   509.85747 1722.4849   596.08568 -801.1505 ]\n",
      " [-159.57529  154.90523  -47.49647  596.08568  755.21603 -329.44946]\n",
      " [ 251.70659 -312.02999 -185.57023 -801.1505  -329.44946  609.91379]]\n",
      "False\n",
      "[ -64.163     56.69995  147.12218  220.47741  657.87938 2884.44753]\n",
      "[   1.        56.69995  147.12218  220.47741  657.87938 2884.44753]\n",
      "[[ 302.08994 -181.15614 -152.37597 -574.54507 -159.49191  251.97705]\n",
      " [-181.15614  182.07278  163.70086  539.58714  158.8674  -299.17797]\n",
      " [-152.37597  163.70086  389.75738  509.90648  -47.511   -185.61734]\n",
      " [-574.54507  539.58714  509.90648 1725.51319  595.18837 -804.06109]\n",
      " [-159.49191  158.8674   -47.511    595.18837  755.48191 -328.58702]\n",
      " [ 251.97705 -299.17797 -185.61734 -804.06109 -328.58702  612.71125]]\n",
      "################################################################\n",
      "################################################################\n",
      "i=1\n",
      "[[-109.7643   -38.65425  -43.16571  -19.10099 -129.29642  143.5777 ]\n",
      " [ -38.65425   85.92546   32.8732   -53.88171  -86.33523   54.27423]\n",
      " [ -43.16571   32.8732   147.16473  -66.9251     8.96185   35.53012]\n",
      " [ -19.10099  -53.88171  -66.9251   139.93274   83.00943   -8.76183]\n",
      " [-129.29642  -86.33523    8.96185   83.00943  365.78906  115.06531]\n",
      " [ 143.5777    54.27423   35.53012   -8.76183  115.06531 -519.53018]]\n",
      "False\n",
      "[-599.42693  -89.52616   61.66461   63.58556  223.62631  449.59411]\n",
      "[  1.        1.       61.66461  63.58556 223.62631 449.59411]\n",
      "[[ 25.3052   -3.2345  -24.0998  -12.89847 -83.43331  -7.90627]\n",
      " [ -3.2345   95.82511  38.11612 -52.86182 -72.91509  -0.15494]\n",
      " [-24.0998   38.11612 149.95275 -66.29087  15.98993   8.298  ]\n",
      " [-12.89847 -52.86182 -66.29087 140.81942  83.73314  -1.12846]\n",
      " [-83.43331 -72.91509  15.98993  83.73314 384.53703  30.11864]\n",
      " [ -7.90627  -0.15494   8.298    -1.12846  30.11864   4.03108]]\n",
      "################################################################\n",
      "################################################################\n",
      "i=2\n",
      "[[ -14.93889   -6.27523   31.35832   63.55623   -3.95964  -23.54247]\n",
      " [  -6.27523 -183.25349   21.89675  136.03559  150.74217    4.95351]\n",
      " [  31.35832   21.89675  180.24914  329.256    164.80758  252.67576]\n",
      " [  63.55623  136.03559  329.256    219.72448 -146.66891 -189.67266]\n",
      " [  -3.95964  150.74217  164.80758 -146.66891 -310.78428 -537.92391]\n",
      " [ -23.54247    4.95351  252.67576 -189.67266 -537.92391 -296.67888]]\n",
      "False\n",
      "[-1025.66879  -211.11596   -31.42225    25.9511    279.93076   556.64322]\n",
      "[  1.        1.        1.       25.9511  279.93076 556.64322]\n",
      "[[  13.63082   12.52643   32.59487   53.10989    5.58765   -9.94438]\n",
      " [  12.52643   28.40433   44.71554   70.42873   40.08996  -42.31801]\n",
      " [  32.59487   44.71554  272.23212  249.75728  -24.05631   53.78531]\n",
      " [  53.10989   70.42873  249.75728  299.6821    27.28982  -21.3822 ]\n",
      " [   5.58765   40.08996  -24.05631   27.28982  108.56026 -119.53723]\n",
      " [  -9.94438  -42.31801   53.78531  -21.3822  -119.53723  143.01543]]\n",
      "################################################################\n",
      "################################################################\n",
      "i=3\n",
      "[[-142.84408  -55.42231  -47.72021  -21.84203  -27.09614  -38.6331 ]\n",
      " [ -55.42231  -45.58545   21.80992   15.24096   25.54017  -13.9764 ]\n",
      " [ -47.72021   21.80992  154.3497    -7.61243   68.94692   25.91868]\n",
      " [ -21.84203   15.24096   -7.61243   66.76177 -107.08139    7.40435]\n",
      " [ -27.09614   25.54017   68.94692 -107.08139  133.26469  208.23723]\n",
      " [ -38.6331   -13.9764    25.91868    7.40435  208.23723  288.66407]]\n",
      "False\n",
      "[-175.72988  -93.31856  -17.31585  117.41762  163.93899  459.61838]\n",
      "[  1.        1.        1.      117.41762 163.93899 459.61838]\n",
      "[[  9.48465  -5.31323 -30.34876  -5.5131  -20.10577 -29.54814]\n",
      " [ -5.31323   5.83474  26.82389   2.72446   5.66091   1.87826]\n",
      " [-30.34876  26.82389 158.01899 -10.36581  63.37342  30.54269]\n",
      " [ -5.5131    2.72446 -10.36581  92.44926 -74.72782  -9.63568]\n",
      " [-20.10577   5.66091  63.37342 -74.72782 175.40862 184.83061]\n",
      " [-29.54814   1.87826  30.54269  -9.63568 184.83061 302.77872]]\n",
      "################################################################\n",
      "################################################################\n",
      "i=4\n",
      "[[ -201.47544    82.64701  -219.57111    87.64334   180.75522    97.38757]\n",
      " [   82.64701   622.53994 -2699.92766  -337.54123  2040.29221  1251.85822]\n",
      " [ -219.57111 -2699.92766 10516.61086  1455.16275 -6636.56297 -4005.83927]\n",
      " [   87.64334  -337.54123  1455.16275   598.42214  -638.8686   -427.64351]\n",
      " [  180.75522  2040.29221 -6636.56297  -638.8686   4345.67161  2075.21578]\n",
      " [   97.38757  1251.85822 -4005.83927  -427.64351  2075.21578  1495.16241]]\n",
      "False\n",
      "[ -594.75415  -227.62293    71.24316   385.90557   647.87081 17094.28906]\n",
      "[    1.          1.         71.24316   385.90557   647.87081 17094.28906]\n",
      "[[   20.49909    79.3469   -216.84731    50.36121   175.06766    90.74813]\n",
      " [   79.3469    845.27412 -2823.31684  -283.0699   1868.85471  1063.47296]\n",
      " [ -216.84731 -2823.31684 10584.969    1424.83979 -6541.62407 -3901.51659]\n",
      " [   50.36121  -283.0699   1424.83979   617.73845  -679.44266  -472.16455]\n",
      " [  175.06766  1868.85471 -6541.62407  -679.44266  4477.93132  2220.5647 ]\n",
      " [   90.74813  1063.47296 -3901.51659  -472.16455  2220.5647   1654.89662]]\n",
      "################################################################\n",
      "################################################################\n",
      "i=5\n",
      "[[  94.23808   62.97178  -76.61919   33.05038 -107.26025 -108.67495]\n",
      " [  62.97178   43.92273  -30.71159   -1.06363 -108.75934  152.22862]\n",
      " [ -76.61919  -30.71159  562.66389 -337.79632 -163.95316  -42.95133]\n",
      " [  33.05038   -1.06363 -337.79632  508.48963  131.0712    56.8588 ]\n",
      " [-107.26025 -108.75934 -163.95316  131.0712  1328.83365  146.01756]\n",
      " [-108.67495  152.22862  -42.95133   56.8588   146.01756  244.96784]]\n",
      "False\n",
      "[-108.89838   91.37706  208.85905  333.31392  816.16503 1442.29914]\n",
      "[   1.        91.37706  208.85905  333.31392  816.16503 1442.29914]\n",
      "[[ 118.291     25.51556  -76.14536   30.32494 -110.57255  -83.31274]\n",
      " [  25.51556  102.25112  -31.44946    3.18054 -103.60128  112.73352]\n",
      " [ -76.14536  -31.44946  562.67323 -337.85001 -164.01841  -42.4517 ]\n",
      " [  30.32494    3.18054 -337.85001  508.79845  131.44652   53.985  ]\n",
      " [-110.57255 -103.60128 -164.01841  131.44652 1329.28979  142.52495]\n",
      " [ -83.31274  112.73352  -42.4517    53.985    142.52495  271.71061]]\n",
      "################################################################\n",
      "################################################################\n",
      "i=6\n",
      "[[  -1.0148    40.72322  118.36497   38.7903    94.09345   18.6371 ]\n",
      " [  40.72322   87.12382   67.48535   28.65708 -167.14038  -58.93394]\n",
      " [ 118.36497   67.48535  539.09509  230.37561  -30.6665     7.69475]\n",
      " [  38.7903    28.65708  230.37561  225.59119   29.9139    25.82301]\n",
      " [  94.09345 -167.14038  -30.6665    29.9139   911.05209 -115.79885]\n",
      " [  18.6371   -58.93394    7.69475   25.82301 -115.79885  260.28954]]\n",
      "False\n",
      "[-66.55992  47.11878 103.83419 277.00084 692.38081 968.36224]\n",
      "[  1.       47.11878 103.83419 277.00084 692.38081 968.36224]\n",
      "[[  45.58273   15.4462   109.70959   43.97562   83.53471    7.47567]\n",
      " [  15.4462   100.83543   72.1805    25.84429 -161.41275  -52.87938]\n",
      " [ 109.70959   72.1805   540.70281  229.41245  -28.70524    9.76796]\n",
      " [  43.97562   25.84429  229.41245  226.16821   28.73894   24.58098]\n",
      " [  83.53471 -161.41275  -28.70524   28.73894  913.44465 -113.26973]\n",
      " [   7.47567  -52.87938    9.76796   24.58098 -113.26973  262.96302]]\n",
      "################################################################\n",
      "################################################################\n",
      "i=7\n",
      "[[-135.46378 -100.54191   12.06191  -23.34444  -43.75397   30.20041]\n",
      " [-100.54191  -74.84838   52.27435  -63.30181   91.16916   19.30502]\n",
      " [  12.06191   52.27435   17.61122   42.2096   -46.91232 -216.47335]\n",
      " [ -23.34444  -63.30181   42.2096    55.83989  -21.44991  133.24077]\n",
      " [ -43.75397   91.16916  -46.91232  -21.44991  190.23656  -24.60826]\n",
      " [  30.20041   19.30502 -216.47335  133.24077  -24.60826   18.83191]]\n",
      "False\n",
      "[-312.80705 -161.77865  -36.34518   72.62198  240.76601  269.75031]\n",
      "[  1.        1.        1.       72.62198 240.76601 269.75031]\n",
      "[[  10.76142  -15.81582   -3.98886    4.63497  -41.50799    8.76126]\n",
      " [ -15.81582   29.871      7.70692  -24.73487   70.54994  -24.43474]\n",
      " [  -3.98886    7.70692  116.39621  -18.52125  -27.54829 -110.19932]\n",
      " [   4.63497  -24.73487  -18.52125   95.50551  -33.15692   67.59034]\n",
      " [ -41.50799   70.54994  -27.54829  -33.15692  199.34628   -6.16407]\n",
      " [   8.76126  -24.43474 -110.19932   67.59034   -6.16407  134.25786]]\n",
      "################################################################\n",
      "################################################################\n",
      "i=8\n",
      "[[167.59811  97.05874 222.12571 154.43543  51.33151 -70.96925]\n",
      " [ 97.05874  71.18063 -11.29671 -45.76511  49.44397  71.09731]\n",
      " [222.12571 -11.29671 273.73505 -97.50107  18.32143 113.13184]\n",
      " [154.43543 -45.76511 -97.50107 792.95951 362.35211  69.01388]\n",
      " [ 51.33151  49.44397  18.32143 362.35211 831.51832 -74.31001]\n",
      " [-70.96925  71.09731 113.13184  69.01388 -74.31001 528.52145]]\n",
      "False\n",
      "[-143.03895  112.80806  400.12801  490.22798  608.78775 1196.6002 ]\n",
      "[   1.       112.80806  400.12801  490.22798  608.78775 1196.6002 ]\n",
      "[[228.06491  52.94376 177.08144 132.16877  61.19024 -48.94146]\n",
      " [ 52.94376 103.36575  21.5664  -29.51994  42.25129  55.02642]\n",
      " [177.08144  21.5664  307.29042 -80.9137   10.97725  96.7224 ]\n",
      " [132.16877 -29.51994 -80.9137  801.15913 358.72167  60.90223]\n",
      " [ 61.19024  42.25129  10.97725 358.72167 833.12572 -70.71852]\n",
      " [-48.94146  55.02642  96.7224   60.90223 -70.71852 536.54608]]\n",
      "################################################################\n",
      "################################################################\n",
      "i=9\n",
      "[[-551.3082    35.56293  397.51942 -155.00226  603.4702  -483.22891]\n",
      " [  35.56293  106.11145   36.72057  -11.86862   27.09741   50.64284]\n",
      " [ 397.51942   36.72057   -4.67633  -88.25274 -889.94358  365.89289]\n",
      " [-155.00226  -11.86862  -88.25274  337.32264  218.95409  -59.79934]\n",
      " [ 603.4702    27.09741 -889.94358  218.95409 -159.14791  497.15233]\n",
      " [-483.22891   50.64284  365.89289  -59.79934  497.15233   -3.28448]]\n",
      "False\n",
      "[-1859.43393   -67.46973   109.94171   303.39499   338.77512   899.80903]\n",
      "[  1.        1.      109.94171 303.39499 338.77512 899.80903]\n",
      "[[  55.1479    17.53591  -55.79321  -55.52266   36.90406  -77.31127]\n",
      " [  17.53591  112.76558   28.50427  -16.49448   23.08744   46.86371]\n",
      " [ -55.79321   28.50427  411.06637 -156.69512 -392.52389   33.099  ]\n",
      " [ -55.52266  -16.49448 -156.69512  354.09589  131.70517    4.52477]\n",
      " [  36.90406   23.08744 -392.52389  131.70517  441.21373   89.69229]\n",
      " [ -77.31127   46.86371   33.099      4.52477   89.69229  279.63137]]\n",
      "################################################################\n",
      "################################################################\n",
      "i=10\n",
      "[[ -91.14112   91.11723  185.69456   17.80381 -115.46435   31.4733 ]\n",
      " [  91.11723 -184.87373 -324.9549   132.11022  583.20032   25.03957]\n",
      " [ 185.69456 -324.9549  -160.79904  402.38406  744.89334 -113.60857]\n",
      " [  17.80381  132.11022  402.38406  492.5151  -115.65556  -59.61326]\n",
      " [-115.46435  583.20032  744.89334 -115.65556  -70.24286  290.34076]\n",
      " [  31.4733    25.03957 -113.60857  -59.61326  290.34076  549.58433]]\n",
      "False\n",
      "[-1392.08082   -66.09571    86.30664   315.83995   736.60916   854.46347]\n",
      "[  1.        1.       86.30664 315.83995 736.60916 854.46347]\n",
      "[[ 11.25265  -6.62353  45.41605  57.14256  18.70305   2.92708]\n",
      " [ -6.62353 134.38484  61.79547   5.21051 186.64403 100.27945]\n",
      " [ 45.41605  61.79547 314.31402 248.51008 260.65218 -20.79919]\n",
      " [ 57.14256   5.21051 248.51008 542.95881  42.05467 -89.55695]\n",
      " [ 18.70305 186.64403 260.65218  42.05467 424.57357 195.9135 ]\n",
      " [  2.92708 100.27945 -20.79919 -89.55695 195.9135  567.73533]]\n",
      "################################################################\n",
      "################################################################\n",
      "i=11\n",
      "[[ 271.76684  183.16018   50.19014 -203.49835  187.36881   88.5838 ]\n",
      " [ 183.16018  179.7901  -157.77629 -279.38448 -249.16047 -216.44786]\n",
      " [  50.19014 -157.77629  346.80204 -234.38409 -567.25598  -56.79378]\n",
      " [-203.49835 -279.38448 -234.38409 1416.6304  -164.6238    91.0527 ]\n",
      " [ 187.36881 -249.16047 -567.25598 -164.6238  3294.29865  567.97558]\n",
      " [  88.5838  -216.44786  -56.79378   91.0527   567.97558  443.90308]]\n",
      "False\n",
      "[-180.13055  177.0804   328.42112  520.53382 1569.15782 3538.12852]\n",
      "[   1.       177.0804   328.42112  520.53382 1569.15782 3538.12852]\n",
      "[[ 297.55146  132.84996   17.42226 -213.83838  178.97335   73.64111]\n",
      " [ 132.84996  277.95396  -93.84054 -259.20931 -232.77947 -187.2921 ]\n",
      " [  17.42226  -93.84054  388.44445 -221.24367 -556.58676  -37.80416]\n",
      " [-213.83838 -259.20931 -221.24367 1420.77691 -161.25709   97.04495]\n",
      " [ 178.97335 -232.77947 -556.58676 -161.25709 3297.03222  572.84091]\n",
      " [  73.64111 -187.2921   -37.80416   97.04495  572.84091  452.56267]]\n",
      "################################################################\n",
      "################################################################\n",
      "i=12\n",
      "[[ 103.13336  -79.61802   93.67635 -104.34126 -122.91119  -28.32857]\n",
      " [ -79.61802  139.04787   42.50568 -172.67327  -81.79929   86.26335]\n",
      " [  93.67635   42.50568  469.19736   92.28117 -383.19869   24.70886]\n",
      " [-104.34126 -172.67327   92.28117 1170.13173 1466.52463  368.3563 ]\n",
      " [-122.91119  -81.79929 -383.19869 1466.52463 3705.99485  698.27711]\n",
      " [ -28.32857   86.26335   24.70886  368.3563   698.27711  442.88873]]\n",
      "False\n",
      "[ -52.87214  138.49289  253.64599  390.21152  740.39835 4560.51731]\n",
      "[   1.       138.49289  253.64599  390.21152  740.39835 4560.51731]\n",
      "[[ 122.93035  -58.54879   84.81589  -93.89963 -125.67569  -34.2863 ]\n",
      " [ -58.54879  161.47112   33.0758  -161.56061  -84.74144   79.92275]\n",
      " [  84.81589   33.0758   473.16301   87.60784 -381.9614    27.37534]\n",
      " [ -93.89963 -161.56061   87.60784 1175.63902 1465.06654  365.21399]\n",
      " [-125.67569  -84.74144 -381.9614  1465.06654 3706.38089  699.10906]\n",
      " [ -34.2863    79.92275   27.37534  365.21399  699.10906  444.68166]]\n",
      "################################################################\n",
      "################################################################\n",
      "i=13\n",
      "[[ -21.80894  -41.2514  -123.02588   23.1825   -41.95175  -91.93795]\n",
      " [ -41.2514    14.27593   26.10336   71.11576   -7.92556 -188.59919]\n",
      " [-123.02588   26.10336  896.97423 -262.36469 -842.4329  -167.30499]\n",
      " [  23.1825    71.11576 -262.36469  441.8438  -302.20646  -11.77705]\n",
      " [ -41.95175   -7.92556 -842.4329  -302.20646 2334.31861  143.48744]\n",
      " [ -91.93795 -188.59919 -167.30499  -11.77705  143.48744  111.02294]]\n",
      "False\n",
      "[-203.55245  -35.14897  123.07105  286.99791  854.5326  2750.72643]\n",
      "[   1.         1.       123.07105  286.99791  854.5326  2750.72643]\n",
      "[[  52.02381   10.86593  -97.40395   32.0277   -34.24229  -29.96929]\n",
      " [  10.86593   96.02002   38.30471   64.60384   -7.8382  -116.94457]\n",
      " [ -97.40395   38.30471  906.63605 -257.62544 -839.05658 -149.45396]\n",
      " [  32.0277    64.60384 -257.62544  446.52272 -299.76354  -12.2729 ]\n",
      " [ -34.24229   -7.8382  -839.05658 -299.76354 2335.76141  146.63349]\n",
      " [ -29.96929 -116.94457 -149.45396  -12.2729   146.63349  180.36397]]\n",
      "################################################################\n",
      "################################################################\n",
      "i=14\n",
      "[[  13.93149   70.76928  129.64753   68.40148   67.49231   85.89028]\n",
      " [  70.76928   98.32432   72.8491    77.89299  104.99551 -258.3539 ]\n",
      " [ 129.64753   72.8491   788.76896  242.20505 -291.07808 -105.77386]\n",
      " [  68.40148   77.89299  242.20505  498.9451   408.14358  -96.36945]\n",
      " [  67.49231  104.99551 -291.07808  408.14358 1451.19672  -36.85153]\n",
      " [  85.89028 -258.3539  -105.77386  -96.36945  -36.85153  363.37146]]\n",
      "False\n",
      "[-141.7063    47.06926  176.40855  467.08938 1006.32409 1659.35307]\n",
      "[   1.        47.06926  176.40855  467.08938 1006.32409 1659.35307]\n",
      "[[  68.77648   14.57604  122.25815   66.3935    67.11059   45.86165]\n",
      " [  14.57604  155.89895   80.42014   79.95033  105.38661 -217.34124]\n",
      " [ 122.25815   80.42014  789.76455  242.47559 -291.02665 -100.38071]\n",
      " [  66.3935    79.95033  242.47559  499.01861  408.15755  -94.90393]\n",
      " [  67.11059  105.38661 -291.02665  408.15755 1451.19937  -36.57294]\n",
      " [  45.86165 -217.34124 -100.38071  -94.90393  -36.57294  392.58637]]\n",
      "################################################################\n",
      "################################################################\n",
      "i=15\n",
      "[[  -69.43521   -80.51432  -534.71713  -361.36985   328.69163   196.80701]\n",
      " [  -80.51432    79.57372   462.09006   340.70731  -137.51918  -368.71967]\n",
      " [ -534.71713   462.09006 -6051.52494 -4303.12204  2546.66607  4903.76862]\n",
      " [ -361.36985   340.70731 -4303.12204 -1939.40432  1840.41317  2928.09494]\n",
      " [  328.69163  -137.51918  2546.66607  1840.41317    59.01824 -2389.17597]\n",
      " [  196.80701  -368.71967  4903.76862  2928.09494 -2389.17597 -2742.80909]]\n",
      "False\n",
      "[-13428.52496   -131.03108    164.57516    488.8561     705.88812   1535.65507]\n",
      "[   1.         1.       164.57516  488.8561   705.88812 1535.65507]\n",
      "[[  71.08917  -65.83341  -37.61126  -43.65981  121.80028 -143.60449]\n",
      " [ -65.83341  139.67747   -7.2297    47.86271   50.43818  -17.73728]\n",
      " [ -37.61126   -7.2297   345.97396 -277.60402  -50.33266  259.42997]\n",
      " [ -43.65981   47.86271 -277.60402  593.82188  206.04982    6.71057]\n",
      " [ 121.80028   50.43818  -50.33266  206.04982 1113.49799 -504.87828]\n",
      " [-143.60449  -17.73728  259.42997    6.71057 -504.87828  632.91398]]\n",
      "################################################################\n",
      "################################################################\n",
      "i=16\n",
      "[[ 1430.52218   262.76819 -1058.3791   3461.64706  5377.07887  3986.70816]\n",
      " [  262.76819   371.58215  -628.73603  1541.59836  1747.31995   937.57035]\n",
      " [-1058.3791   -628.73603  2100.69793 -4087.4549  -5598.17721 -3426.66763]\n",
